	Warmste dag volgens KNMI		Voor Groen	Achter Groen	KNMI	Zon																		Koudste nacht volgens KNMI		Voor Groen	Achter Groen	KNMI	Zon	
	30-4-2024	17:58	29	26,4	25,5																			22-4-2024	11:58	12,8	9,6	10,3		
	30-4-2024	18:13	26,6	26,3	25,6																			22-4-2024	12:13	11,3	9,4	10,5		
	30-4-2024	18:28	26	26,2	25,9																			22-4-2024	12:28	10,9	9,2	10,8		
	30-4-2024	18:43	25,4	26,2	26,1																			22-4-2024	12:43	10,5	9,2	10,9		
	30-4-2024	18:58	25,3	26,1	26,1																			22-4-2024	12:58	11,4	9,6	10,8		
	30-4-2024	19:13	24,8	25,8	25,9																			22-4-2024	13:13	12	10,2	11,4		
	30-4-2024	19:28	24,3	25,5	25,7																			22-4-2024	13:28	11,6	10,3	11,5		
	30-4-2024	19:43	23,8	25,3	25,3																			22-4-2024	13:43	12,4	10,9	11,5		
	30-4-2024	19:58	23,2	25,1	25,2																			22-4-2024	13:58	11,8	10,9	12,4		
	30-4-2024	20:13	22,5	24,8	25																			22-4-2024	14:13	11,5	11	12,2		
	30-4-2024	20:28	21,7	24,5	24,5																			22-4-2024	14:28	11,5	11,4	12,7		
	30-4-2024	20:43	20,8	24	24,3																			22-4-2024	14:43	12,1	11,7	13		
	30-4-2024	20:58	19,8	23,5	23,6																			22-4-2024	14:58	12,6	12,2	13,1		
	30-4-2024	21:13	19	23,1	23,1																			22-4-2024	15:13	11,1	11,9	13,4		
	30-4-2024	21:28	18,2	22,6	22,3																			22-4-2024	15:28	10,4	11,9	13,9		
	30-4-2024	21:43	17,5	22,1	21,9																			22-4-2024	15:43	12,2	12,6	13,7		
	30-4-2024	21:58	17,1	21,7	21																			22-4-2024	15:58	10,9	12,3	14,4		
	30-4-2024	22:13	16,7	21,3	20,6																			22-4-2024	16:13	12,4	12,7	14,4		
	30-4-2024	22:28	16,5	21	19,9																			22-4-2024	16:28	12	12,8	14,3		
	30-4-2024	22:43	16,1	20,7	19,6																			22-4-2024	16:43	11,2	12,6	13,9		
	30-4-2024	22:58	15,7	20,3	19																			22-4-2024	16:58	10,8	12,3	13,6		
	30-4-2024	23:13	15,5	20	18,7																			22-4-2024	17:13	12,6	12,3	13,9		
	30-4-2024	23:28	15,4	19,7	18,2																			22-4-2024	17:28	15,2	12,1	13,5		
	30-4-2024	23:43	15,6	19,5	17,9																			22-4-2024	17:43	15,8	12	13,4		
	30-4-2024	23:58	15,6	19,4	17,4																			22-4-2024	17:58	12,5	12	13,3		
	1-5-2024	0:13	15,5	19,2	17,2																			22-4-2024	18:13	10,4	11,9	13,5		
	1-5-2024	0:28	15,3	19	16,7																			22-4-2024	18:28	9,7	11,7	13,8		
	1-5-2024	0:43	15,3	18,8	16,5																			22-4-2024	18:43	9,2	11,5	13,7		
	1-5-2024	0:58	15	18,6	16,2																			22-4-2024	18:58	8,8	11,2	13,6		
	1-5-2024	1:13	14,9	18,4	16,1																			22-4-2024	19:13	8,4	10,9	12,6		
	1-5-2024	1:28	14,5	18,1	15,8																			22-4-2024	19:28	8	10,6	12		
	1-5-2024	1:43	14,2	17,9	15,7																			22-4-2024	19:43	7,5	10,3	11		
	1-5-2024	1:58	14,3	17,6	15,3																			22-4-2024	19:58	6,8	9,9	10,4		
	1-5-2024	2:13	14,3	17,5	15,2																			22-4-2024	20:13	6,4	9,6	9,8		
	1-5-2024	2:28	14,2	17,3	15																			22-4-2024	20:28	6,1	9,2	9,4		
	1-5-2024	2:43	14,1	17,1	15																			22-4-2024	20:43	5,6	8,9	8,7		
	1-5-2024	2:58	13,9	16,9	15																				20:50				-10	
	1-5-2024	3:13	13,6	16,7	15																				20:50				50	
	1-5-2024	3:28	13,7	16,6	14,9																			22-4-2024	20:58	5,1	8,6	8,4		
	1-5-2024	3:43	13,8	16,4	14,8																			22-4-2024	21:13	4,8	8,2	7,6		
	1-5-2024	3:58	13,9	16,3	14,8																			22-4-2024	21:28	4,5	7,9	7,3		
	1-5-2024	4:13	14,2	16,3	14,8																			22-4-2024	21:43	4,4	7,6	6,7		
	1-5-2024	4:28	14,4	16,3	15																			22-4-2024	21:58	4,6	7,4	6,4		
	1-5-2024	4:43	14,4	16,3	15,1																			22-4-2024	22:13	4,6	7,3	6		
	1-5-2024	4:58	14,7	16,3	15,2																			22-4-2024	22:28	4,4	7,1	5,8		
	1-5-2024	5:13	15,1	16,3	15,2																			22-4-2024	22:43	4,2	6,9	5,4		
	1-5-2024	5:28	14,9	16,2	15,1																			22-4-2024	22:58	3,9	6,7	5,3		
	1-5-2024	5:43	14,5	16,1	15,1																			22-4-2024	23:13	3,7	6,5	5		
	1-5-2024	5:58	14,3	16	15																			22-4-2024	23:28	3,3	6,2	4,9		
		6:10				-10																		22-4-2024	23:43	2,9	5,9	4,5		
		6:10				50																		22-4-2024	23:58	2,7	5,6	4,3		
	1-5-2024	6:13	14,2	15,9	14,8																			23-4-2024	0:13	2,3	5,4	4,2		
	1-5-2024	6:28	14	15,7	14,7																			23-4-2024	0:28	2,2	5,1	4		
	1-5-2024	6:43	14	15,6	14,5																			23-4-2024	0:43	2	4,9	3,7		
	1-5-2024	6:58	14,2	15,6	14,5																			23-4-2024	0:58	1,8	4,7	3,4		
	1-5-2024	7:13	14,4	15,5	14,5																			23-4-2024	1:13	1,6	4,5	3,2		
	1-5-2024	7:28	15	15,7	14,5																			23-4-2024	1:28	1,5	4,4	3		
	1-5-2024	7:43	15,6	15,9	14,8																			23-4-2024	1:43	1,3	4,2	2,8		
	1-5-2024	7:58	16,2	16,1	14,9																			23-4-2024	1:58	1,3	4	2,7		
	1-5-2024	8:13	16,9	16,4	15,4																			23-4-2024	2:13	1,1	3,9	2,4		
	1-5-2024	8:28	17,4	16,7	15,6																			23-4-2024	2:28	0,9	3,7	2,3		
	1-5-2024	8:43	18	17	16																			23-4-2024	2:43	0,5	3,5	2,1		
	1-5-2024	8:58	18,5	17,3	16,7																			23-4-2024	2:58	0,3	3,4	2		
	1-5-2024	9:13	18,9	17,6	17,1																			23-4-2024	3:13	0,1	3,2	1,7		
	1-5-2024	9:28	19,4	18	18																			23-4-2024	3:28	0,1	3,1	1,6		
	1-5-2024	9:43	20	18,4	18,3																			23-4-2024	3:43	-0,2	2,9	1,4		
	1-5-2024	9:58	20,3	18,7	19,2																			23-4-2024	3:58	-0,4	2,7	1,3		
	1-5-2024	10:13	20,8	19,1	19,7																			23-4-2024	4:13	-0,4	2,6	1		
	1-5-2024	10:28	21,3	19,4	20,7																			23-4-2024	4:28	-0,8	2,4	1		
	1-5-2024	10:43	21,8	19,8	21,2																			23-4-2024	4:43	-0,9	2,3	0,8		
	1-5-2024	10:58	22,5	20,2	22,2																			23-4-2024	4:58	-1	2,1	0,7		
	1-5-2024	11:13	22,9	20,6	22,8																			23-4-2024	5:13	-1,2	2	0,5		
	1-5-2024	11:28	23	20,8	23,7																			23-4-2024	5:28	-1	1,9	0,5		
	1-5-2024	11:43	23	21	24,2																			23-4-2024	5:43	-1	1,8	0,3		
	1-5-2024	11:58	23,9	21,6	25																			23-4-2024	5:58	-1,2	1,7	0,2		
	1-5-2024	12:13	24,3	22	25,5																			23-4-2024	6:13	-1,2	1,6	0,1		
	1-5-2024	12:28	24,8	22,5	26,4																				6:26					-10
	1-5-2024	12:43	25,2	22,8	26,7																				6:26					50
	1-5-2024	12:58	25,5	23,3	27,4																			23-4-2024	6:28	-1,4	1,5	0		
	1-5-2024	13:13	25,9	23,7	27,6																			23-4-2024	6:43	-1,5	1,3	-0,1		
	1-5-2024	13:28	26,5	24,5	28,5																			23-4-2024	6:58	-1,5	1,3	-0,2		
	1-5-2024	13:43	26,9	25,2	28,9																			23-4-2024	7:13	-1,1	1,3	-0,2		
	1-5-2024	13:58	27,4	25,9	29,6																			23-4-2024	7:28	-0,3	1,5	-0,2		
	1-5-2024	14:13	27,7	26,7	30,1																			23-4-2024	7:43	0,4	1,7	-0,2		
	1-5-2024	14:28	27,6	27,2	30,3																			23-4-2024	7:58	1,2	2	0,1		
	1-5-2024	14:43	28,1	28	30,8																			23-4-2024	8:13	2	2,3	0,3		
	1-5-2024	14:58	28,3	28,6	31																			23-4-2024	8:28	2,7	2,6	1,1		
	1-5-2024	15:13	28,5	29,2	31,5																			23-4-2024	8:43	3,4	3	1,6		
	1-5-2024	15:28	28,5	29,6	31,6																			23-4-2024	8:58	4,2	3,4	2,6		
	1-5-2024	15:43	28,7	30	32																			23-4-2024	9:13	5	3,8	3,2		
	1-5-2024	15:58	28,8	30,3	32,1																			23-4-2024	9:28	5,7	4,3	4,3		
	1-5-2024	16:13	28,9	30,5	32,3																			23-4-2024	9:43	6,6	4,9	5		
	1-5-2024	16:28	29	30,7	32,4																			23-4-2024	9:58	7,1	5,4	6,2		
	1-5-2024	16:43	30,2	30,9	32,5																			23-4-2024	10:13	7,7	5,8	6,8		
	1-5-2024	16:58	32,4	31	32,6																			23-4-2024	10:28	8,2	6,3	7,9		
	1-5-2024	17:13	33,9	31,1	32,8																			23-4-2024	10:43	8,7	6,7	8,5		
	1-5-2024	17:28	34,5	31	32,9																			23-4-2024	10:58	8,8	6,9	9,7		
	1-5-2024	17:43	35,4	31,2	33,2																			23-4-2024	11:13	9,8	7,3	9,9		
	1-5-2024	17:58	31,8	30,9	33,1																			23-4-2024	11:28	9	7,2	10,8		
	1-5-2024	18:13	29,5	30,7	32,9																			23-4-2024	11:43	9,9	7,8	10,8		
	1-5-2024	18:28	28,5	30,2	32,6																			23-4-2024	11:58	12,4	8,9	10,9		
	1-5-2024	18:43	27,9	29,9	32																									
	1-5-2024	18:58	27,4	29,6	31,9																									
	1-5-2024	19:13	27,2	29,3	31,1																									
	1-5-2024	19:28	27,1	29,2	30,7																									
	1-5-2024	19:43	26,3	28,8	29,7																									
	1-5-2024	19:58	25,5	28,3	29,4																									
	1-5-2024	20:13	24,8	27,9	28,3																									
	1-5-2024	20:28	24,1	27,5	27,9																									
	1-5-2024	20:43	23,5	27	26,8																									
	1-5-2024	20:58	22,8	26,5	26,3																									
		21:06					-10																							
		21:06					50																							
	1-5-2024	21:13	22,3	26	25,5																									
	1-5-2024	21:28	21,9	25,6	25,1																									
	1-5-2024	21:43	21,5	25,2	24,2																									
	1-5-2024	21:58	21,1	24,8	23,9																									
	1-5-2024	22:13	20,6	24,4	23,1																									
	1-5-2024	22:28	20,2	24	22,8																									
	1-5-2024	22:43	19,8	23,7	22,1																									
	1-5-2024	22:58	19,4	23,4	21,9																									
	1-5-2024	23:13	19	23	21,2																									
	1-5-2024	23:28	18,8	22,7	20,9																									
	1-5-2024	23:43	18,5	22,5	20,4																									
	1-5-2024	23:58	18,1	22,1	20,1																									
	2-5-2024	0:13	18,1	21,8	19,6																									
	2-5-2024	0:28	17,9	21,6	19,3																									
	2-5-2024	0:43	17,5	21,3	18,9																									
	2-5-2024	0:58	17,4	20,9	18,6																									
	2-5-2024	1:13	17,4	20,7	18,4																									
	2-5-2024	1:28	17,2	20,5	18																									
	2-5-2024	1:43	17	20,2	17,8																									
	2-5-2024	1:58	16,9	20	17,4																									
	2-5-2024	2:13	16,7	19,8	17,2																									
	2-5-2024	2:28	16,6	19,6	16,8																									
	2-5-2024	2:43	16,6	19,4	16,7																									
	2-5-2024	2:58	16,5	19,1	16,4																									
	2-5-2024	3:13	16,4	19	16,4																									
	2-5-2024	3:28	16,1	18,8	16,2																									
	2-5-2024	3:43	15,9	18,6	16																									
	2-5-2024	3:58	15,9	18,4	15,8																									
	2-5-2024	4:13	15,8	18,3	15,7																									
	2-5-2024	4:28	15,4	18,2	15,3																									
	2-5-2024	4:43	15,3	18	15,2																									
	2-5-2024	4:58	15	17,8	14,9																									
	2-5-2024	5:13	14,8	17,6	14,8																									
	2-5-2024	5:28	14,8	17,4	14,5																									
	2-5-2024	5:43	14,6	17,1	14,4																									
	2-5-2024	5:58	14,7	16,9	14,2																									
																														
	Warmste nacht volgens KNMI		Voor Groen	Achter Groen	KNMI	Zon																								
	30-4-2024	11:58	22,4	18,6	18,7																									
	30-4-2024	12:13	23,6	19,2	19,2																									
	30-4-2024	12:28	24,1	19,5	19,4																									
	30-4-2024	12:43	23,5	19,5	19,7																									
	30-4-2024	12:58	23,9	19,9	19,8																									
	30-4-2024	13:13	24,4	20,4	20,4																									
	30-4-2024	13:28	23,7	20,7	20,8																									
	30-4-2024	13:43	23,3	21	21,9																									
	30-4-2024	13:58	23,4	21,5	22,3																									
	30-4-2024	14:13	23,5	22	22,7																									
	30-4-2024	14:28	23,7	22,4	23,6																									
	30-4-2024	14:43	24,3	23,1	23,7																									
	30-4-2024	14:58	25	23,8	23,8																									
	30-4-2024	15:13	24,6	24,2	24,1																									
	30-4-2024	15:28	24,6	24,6	24,7																									
	30-4-2024	15:43	25	25	24,8																									
	30-4-2024	15:58	25,3	25,4	25,2																									
	30-4-2024	16:13	25,6	25,8	25,5																									
	30-4-2024	16:28	25,8	26,1	25,4																									
	30-4-2024	16:43	25,9	26,2	25,7																									
	30-4-2024	16:58	27,7	26,3	25,7																									
	30-4-2024	17:13	28,9	26,3	25,6																									
	30-4-2024	17:28	30,4	26,3	25,7																									
	30-4-2024	17:43	30,9	26,3	25,6																									
	30-4-2024	17:58	29	26,4	25,5																									
	30-4-2024	18:13	26,6	26,3	25,6																									
	30-4-2024	18:28	26	26,2	25,9																									
	30-4-2024	18:43	25,4	26,2	26,1																									
	30-4-2024	18:58	25,3	26,1	26,1																									
	30-4-2024	19:13	24,8	25,8	25,9																									
	30-4-2024	19:28	24,3	25,5	25,7																									
	30-4-2024	19:43	23,8	25,3	25,3																									
	30-4-2024	19:58	23,2	25,1	25,2																									
	30-4-2024	20:13	22,5	24,8	25																									
	30-4-2024	20:28	21,7	24,5	24,5																									
	30-4-2024	20:43	20,8	24	24,3																									
	30-4-2024	20:58	19,8	23,5	23,6																									
		21:04				-10																								
		21:04				50																								
	30-4-2024	21:13	19	23,1	23,1																									
	30-4-2024	21:28	18,2	22,6	22,3																									
	30-4-2024	21:43	17,5	22,1	21,9																									
	30-4-2024	21:58	17,1	21,7	21																									
	30-4-2024	22:13	16,7	21,3	20,6																									
	30-4-2024	22:28	16,5	21	19,9																									
	30-4-2024	22:43	16,1	20,7	19,6																									
	30-4-2024	22:58	15,7	20,3	19																									
	30-4-2024	23:13	15,5	20	18,7																									
	30-4-2024	23:28	15,4	19,7	18,2																									
	30-4-2024	23:43	15,6	19,5	17,9																									
	30-4-2024	23:58	15,6	19,4	17,4																									
	1-5-2024	0:13	15,5	19,2	17,2																									
	1-5-2024	0:28	15,3	19	16,7																									
	1-5-2024	0:43	15,3	18,8	16,5																									
	1-5-2024	0:58	15	18,6	16,2																									
	1-5-2024	1:13	14,9	18,4	16,1																									
	1-5-2024	1:28	14,5	18,1	15,8																									
	1-5-2024	1:43	14,2	17,9	15,7																									
	1-5-2024	1:58	14,3	17,6	15,3																									
	1-5-2024	2:13	14,3	17,5	15,2																									
	1-5-2024	2:28	14,2	17,3	15																									
	1-5-2024	2:43	14,1	17,1	15																									
	1-5-2024	2:58	13,9	16,9	15																									
	1-5-2024	3:13	13,6	16,7	15																									
	1-5-2024	3:28	13,7	16,6	14,9																									
	1-5-2024	3:43	13,8	16,4	14,8																									
	1-5-2024	3:58	13,9	16,3	14,8																									
	1-5-2024	4:13	14,2	16,3	14,8																									
	1-5-2024	4:28	14,4	16,3	15																									
	1-5-2024	4:43	14,4	16,3	15,1																									
	1-5-2024	4:58	14,7	16,3	15,2																									
	1-5-2024	5:13	15,1	16,3	15,2																									
	1-5-2024	5:28	14,9	16,2	15,1																									
	1-5-2024	5:43	14,5	16,1	15,1																									
	1-5-2024	5:58	14,3	16	15																									
		6:10					-10																							
		6:10					50																							
	1-5-2024	6:13	14,2	15,9	14,8																									
	1-5-2024	6:28	14	15,7	14,7																									
	1-5-2024	6:43	14	15,6	14,5																									
	1-5-2024	6:58	14,2	15,6	14,5																									
	1-5-2024	7:13	14,4	15,5	14,5																									
	1-5-2024	7:28	15	15,7	14,5																									
	1-5-2024	7:43	15,6	15,9	14,8																									
	1-5-2024	7:58	16,2	16,1	14,9																									
	1-5-2024	8:13	16,9	16,4	15,4																									
	1-5-2024	8:28	17,4	16,7	15,6																									
	1-5-2024	8:43	18	17	16																									
	1-5-2024	8:58	18,5	17,3	16,7																									
	1-5-2024	9:13	18,9	17,6	17,1																									
	1-5-2024	9:28	19,4	18	18																									
	1-5-2024	9:43	20	18,4	18,3																									
	1-5-2024	9:58	20,3	18,7	19,2																									
	1-5-2024	10:13	20,8	19,1	19,7																									
	1-5-2024	10:28	21,3	19,4	20,7																									
	1-5-2024	10:43	21,8	19,8	21,2																									
	1-5-2024	10:58	22,5	20,2	22,2																									
	1-5-2024	11:13	22,9	20,6	22,8																									
	1-5-2024	11:28	23	20,8	23,7																									
	1-5-2024	11:43	23	21	24,2																									
	1-5-2024	11:58	23,9	21,6	25																									
																														
	Koudste dag volgens KNMI		Voor Groen	Achter Groen	KNMI	Zon																								
	14-4-2024	17:58	16	19,8	18,5																									
	14-4-2024	18:13	15,4	19,5	18,3																									
	14-4-2024	18:28	15	19,1	17,9																									
	14-4-2024	18:43	14,8	18,9	17,8																									
	14-4-2024	18:58	14,3	18,4	17																									
	14-4-2024	19:13	13,8	18	16,8																									
	14-4-2024	19:28	13,3	17,6	16,2																									
	14-4-2024	19:43	12,7	17,1	15,9																									
	14-4-2024	19:58	12,2	16,7	15,4																									
	14-4-2024	20:13	11,8	16,3	15,1																									
	14-4-2024	20:28	11,4	16	14,7																									
	14-4-2024	20:43	11	15,7	14,3																									
	14-4-2024	20:58	10,7	15,4	13,9																									
	14-4-2024	21:13	10,3	15	13,6																									
	14-4-2024	21:28	10,1	14,7	13,2																									
	14-4-2024	21:43	10,1	14,4	13																									
	14-4-2024	21:58	9,8	14,2	12,6																									
	14-4-2024	22:13	9,6	14	12,5																									
	14-4-2024	22:28	9,5	13,8	12,1																									
	14-4-2024	22:43	9,5	13,6	12																									
	14-4-2024	22:58	9,6	13,5	11,8																									
	14-4-2024	23:13	9,8	13,3	11,7																									
	14-4-2024	23:28	9,8	13,2	11,4																									
	14-4-2024	23:43	9,8	13,1	11,4																									
	14-4-2024	23:58	9,8	13	11,1																									
	15-4-2024	0:13	9,7	12,8	11																									
	15-4-2024	0:28	9,6	12,6	10,9																									
	15-4-2024	0:43	9,5	12,5	10,8																									
	15-4-2024	0:58	9,4	12,3	10,7																									
	15-4-2024	1:13	9,3	12,2	10,6																									
	15-4-2024	1:28	9	12	10,4																									
	15-4-2024	1:43	9	11,9	10,4																									
	15-4-2024	1:58	8,3	11,6	10,3																									
	15-4-2024	2:13	7,4	11,2	10,1																									
	15-4-2024	2:28	6,7	10,9	9,8																									
	15-4-2024	2:43	6,2	10,5	9,6																									
	15-4-2024	2:58	5,9	10,3	9,2																									
	15-4-2024	3:13	5,7	10	9,1																									
	15-4-2024	3:28	6,3	10	8,9																									
	15-4-2024	3:43	6,6	9,9	8,8																									
	15-4-2024	3:58	6,8	9,8	8,6																									
	15-4-2024	4:13	6,7	9,7	8,6																									
	15-4-2024	4:28	6,8	9,5	8,6																									
	15-4-2024	4:43	6,5	9,4	8,6																									
	15-4-2024	4:58	6,5	9,2	8,6																									
	15-4-2024	5:13	6,7	9,1	8,6																									
	15-4-2024	5:28	7,2	9,1	8,6																									
	15-4-2024	5:43	7,5	9,1	8,6																									
	15-4-2024	5:58	7,4	9	8,5																									
	15-4-2024	6:13	7,3	8,9	8,5																									
	15-4-2024	6:28	7,2	8,9	8,5																									
		6:43				-10																								
		6:43				50																								
	15-4-2024	6:43	7,2	8,8	8,4																									
	15-4-2024	6:58	7,3	8,7	8,3																									
	15-4-2024	7:13	7,4	8,7	8,3																									
	15-4-2024	7:28	7,6	8,7	8,3																									
	15-4-2024	7:43	8	8,7	8,3																									
	15-4-2024	7:58	8,2	8,8	8,4																									
	15-4-2024	8:13	8,7	8,9	8,5																									
	15-4-2024	8:28	8,7	8,9	8,5																									
	15-4-2024	8:43	9	9	8,8																									
	15-4-2024	8:58	9,6	9,3	8,9																									
	15-4-2024	9:13	10,7	9,8	9,6																									
	15-4-2024	9:28	12	10,3	9,9																									
	15-4-2024	9:43	12,1	10,5	10,2																									
	15-4-2024	9:58	12,1	10,6	10,3																									
	15-4-2024	10:13	12,6	10,8	10,7																									
	15-4-2024	10:28	12,9	11,2	10,8																									
	15-4-2024	10:43	13,8	11,6	11,1																									
	15-4-2024	10:58	14,2	11,9	11,3																									
	15-4-2024	11:13	13,9	12	11,4																									
	15-4-2024	11:28	13,6	11,9	11,5																									
	15-4-2024	11:43	13,6	12	11,8																									
	15-4-2024	11:58	13,6	12,1	11,9																									
	15-4-2024	12:13	13,4	12,1	11,9																									
	15-4-2024	12:28	13,2	12,1	12																									
	15-4-2024	12:43	13	12,1	12,1																									
	15-4-2024	12:58	11,9	11,8	11,7																									
	15-4-2024	13:13	11,6	11,6	11,4																									
	15-4-2024	13:28	10,4	11,3	10,8																									
	15-4-2024	13:43	9,5	11	10,3																									
	15-4-2024	13:58	9,5	10,9	10,1																									
	15-4-2024	14:13	10,2	11	9,9																									
	15-4-2024	14:28	10,5	11,1	9,9																									
	15-4-2024	14:43	11,6	11,6	10,2																									
	15-4-2024	14:58	11,6	11,5	10,2																									
	15-4-2024	15:13	10,8	11,2	10,1																									
	15-4-2024	15:28	10	10,8	9,7																									
	15-4-2024	15:43	5,9	9,1	8,6																									
	15-4-2024	15:58	4,7	8,1	6,8																									
	15-4-2024	16:13	4,4	7,7	6,2																									
	15-4-2024	16:28	4,4	7,4	5,9																									
	15-4-2024	16:43	5,1	7,5	5,8																									
	15-4-2024	16:58	6,2	7,9	6																									
	15-4-2024	17:13	7,8	8,5	6,5																									
	15-4-2024	17:28	10,3	8,8	7,3																									
	15-4-2024	17:43	8,2	8,6	7,4																									
	15-4-2024	17:58	8,1	8,8	7,5																									
	15-4-2024	18:13	7,3	8,7	7,7																									
	15-4-2024	18:28	6,4	8,4	8,4																									
	15-4-2024	18:43	6,5	8,3	8,4																									
	15-4-2024	18:58	6,4	8,2	8,8																									
	15-4-2024	19:13	6	8,1	8,3																									
	15-4-2024	19:28	6,3	8,1	8,2																									
	15-4-2024	19:43	5,7	7,8	8,1																									
	15-4-2024	19:58	5,7	7,7	7,9																									
	15-4-2024	20:13	5,4	7,6	7,6																									
	15-4-2024	20:28	5	7,3	7,4																									
		20:38					-10																							
		20:38					50																							
	15-4-2024	20:43	4,7	7	7																									
	15-4-2024	20:58	5	6,9	6,9																									
	15-4-2024	21:13	5,2	6,8	6,7																									
	15-4-2024	21:28	5,2	6,7	6,6																									
	15-4-2024	21:43	4,8	6,5	6,2																									
	15-4-2024	21:58	4,6	6,4	6																									
	15-4-2024	22:13	4,7	6,2	5,8																									
	15-4-2024	22:28	4,7	6,2	5,8																									
	15-4-2024	22:43	4,5	6,1	5,6																									
	15-4-2024	22:58	4,4	6	5,6																									
	15-4-2024	23:13	4,6	5,9	5,4																									
	15-4-2024	23:28	4,7	5,8	5,4																									
	15-4-2024	23:43	4,6	5,8	5,3																									
	15-4-2024	23:58	4,6	5,7	5,3																									
	16-4-2024	0:13	4,4	5,6	5,1																									
	16-4-2024	0:28	4,2	5,5	5																									
	16-4-2024	0:43	3,9	5,3	4,8																									
	16-4-2024	0:58	3,4	5,1	4,6																									
	16-4-2024	1:13	3,3	5	4,4																									
	16-4-2024	1:28	3,1	4,8	4,4																									
	16-4-2024	1:43	3,2	4,7	4,6																									
	16-4-2024	1:58	3,5	4,7	4,7																									
	16-4-2024	2:13	3,8	4,8	4,9																									
	16-4-2024	2:28	4,3	5	5																									
	16-4-2024	2:43	4,6	5,2	5,3																									
	16-4-2024	2:58	4,5	5,2	5,4																									
	16-4-2024	3:13	4,6	5,2	5,4																									
	16-4-2024	3:28	4,7	5,3	5,5																									
	16-4-2024	3:43	4,8	5,3	5,7																									
	16-4-2024	3:58	4,8	5,4	5,8																									
	16-4-2024	4:13	5	5,4	5,8																									
	16-4-2024	4:28	5,1	5,5	5,8																									
	16-4-2024	4:43	4,7	5,4	5,6																									
	16-4-2024	4:58	4,6	5,2	5,4																									
	16-4-2024	5:13	4,3	5,1	5,3																									
	16-4-2024	5:28	4	5	5,1																									
	16-4-2024	5:43	4,2	5	5,1																									
	16-4-2024	5:58	4,4	5	5																									
																														
	Koudste nacht volgens KNMI		Voor Groen	Achter Groen	KNMI	Zon																								
	22-4-2024	11:58	12,8	9,6	10,3																									
	22-4-2024	12:13	11,3	9,4	10,5																									
	22-4-2024	12:28	10,9	9,2	10,8																									
	22-4-2024	12:43	10,5	9,2	10,9																									
	22-4-2024	12:58	11,4	9,6	10,8																									
	22-4-2024	13:13	12	10,2	11,4																									
	22-4-2024	13:28	11,6	10,3	11,5																									
	22-4-2024	13:43	12,4	10,9	11,5																									
	22-4-2024	13:58	11,8	10,9	12,4																									
	22-4-2024	14:13	11,5	11	12,2																									
	22-4-2024	14:28	11,5	11,4	12,7																									
	22-4-2024	14:43	12,1	11,7	13																									
	22-4-2024	14:58	12,6	12,2	13,1																									
	22-4-2024	15:13	11,1	11,9	13,4																									
	22-4-2024	15:28	10,4	11,9	13,9																									
	22-4-2024	15:43	12,2	12,6	13,7																									
	22-4-2024	15:58	10,9	12,3	14,4																									
	22-4-2024	16:13	12,4	12,7	14,4																									
	22-4-2024	16:28	12	12,8	14,3																									
	22-4-2024	16:43	11,2	12,6	13,9																									
	22-4-2024	16:58	10,8	12,3	13,6																									
	22-4-2024	17:13	12,6	12,3	13,9																									
	22-4-2024	17:28	15,2	12,1	13,5																									
	22-4-2024	17:43	15,8	12	13,4																									
	22-4-2024	17:58	12,5	12	13,3																									
	22-4-2024	18:13	10,4	11,9	13,5																									
	22-4-2024	18:28	9,7	11,7	13,8																									
	22-4-2024	18:43	9,2	11,5	13,7																									
	22-4-2024	18:58	8,8	11,2	13,6																									
	22-4-2024	19:13	8,4	10,9	12,6																									
	22-4-2024	19:28	8	10,6	12																									
	22-4-2024	19:43	7,5	10,3	11																									
	22-4-2024	19:58	6,8	9,9	10,4																									
	22-4-2024	20:13	6,4	9,6	9,8																									
	22-4-2024	20:28	6,1	9,2	9,4																									
	22-4-2024	20:43	5,6	8,9	8,7																									
		20:50				-10																								
		20:50				50																								
	22-4-2024	20:58	5,1	8,6	8,4																									
	22-4-2024	21:13	4,8	8,2	7,6																									
	22-4-2024	21:28	4,5	7,9	7,3																									
	22-4-2024	21:43	4,4	7,6	6,7																									
	22-4-2024	21:58	4,6	7,4	6,4																									
	22-4-2024	22:13	4,6	7,3	6																									
	22-4-2024	22:28	4,4	7,1	5,8																									
	22-4-2024	22:43	4,2	6,9	5,4																									
	22-4-2024	22:58	3,9	6,7	5,3																									
	22-4-2024	23:13	3,7	6,5	5																									
	22-4-2024	23:28	3,3	6,2	4,9																									
	22-4-2024	23:43	2,9	5,9	4,5																									
	22-4-2024	23:58	2,7	5,6	4,3																									
	23-4-2024	0:13	2,3	5,4	4,2																									
	23-4-2024	0:28	2,2	5,1	4																									
	23-4-2024	0:43	2	4,9	3,7																									
	23-4-2024	0:58	1,8	4,7	3,4																									
	23-4-2024	1:13	1,6	4,5	3,2																									
	23-4-2024	1:28	1,5	4,4	3																									
	23-4-2024	1:43	1,3	4,2	2,8																									
	23-4-2024	1:58	1,3	4	2,7																									
	23-4-2024	2:13	1,1	3,9	2,4																									
	23-4-2024	2:28	0,9	3,7	2,3																									
	23-4-2024	2:43	0,5	3,5	2,1																									
	23-4-2024	2:58	0,3	3,4	2																									
	23-4-2024	3:13	0,1	3,2	1,7																									
	23-4-2024	3:28	0,1	3,1	1,6																									
	23-4-2024	3:43	-0,2	2,9	1,4																									
	23-4-2024	3:58	-0,4	2,7	1,3																									
	23-4-2024	4:13	-0,4	2,6	1																									
	23-4-2024	4:28	-0,8	2,4	1																									
	23-4-2024	4:43	-0,9	2,3	0,8																									
	23-4-2024	4:58	-1	2,1	0,7																									
	23-4-2024	5:13	-1,2	2	0,5																									
	23-4-2024	5:28	-1	1,9	0,5																									
	23-4-2024	5:43	-1	1,8	0,3																									
	23-4-2024	5:58	-1,2	1,7	0,2																									
	23-4-2024	6:13	-1,2	1,6	0,1																									
		6:26					-10																							
		6:26					50																							
	23-4-2024	6:28	-1,4	1,5	0																									
	23-4-2024	6:43	-1,5	1,3	-0,1																									
	23-4-2024	6:58	-1,5	1,3	-0,2																									
	23-4-2024	7:13	-1,1	1,3	-0,2																									
	23-4-2024	7:28	-0,3	1,5	-0,2																									
	23-4-2024	7:43	0,4	1,7	-0,2																									
	23-4-2024	7:58	1,2	2	0,1																									
	23-4-2024	8:13	2	2,3	0,3																									
	23-4-2024	8:28	2,7	2,6	1,1																									
	23-4-2024	8:43	3,4	3	1,6																									
	23-4-2024	8:58	4,2	3,4	2,6																									
	23-4-2024	9:13	5	3,8	3,2																									
	23-4-2024	9:28	5,7	4,3	4,3																									
	23-4-2024	9:43	6,6	4,9	5																									
	23-4-2024	9:58	7,1	5,4	6,2																									
	23-4-2024	10:13	7,7	5,8	6,8																									
	23-4-2024	10:28	8,2	6,3	7,9																									
	23-4-2024	10:43	8,7	6,7	8,5																									
	23-4-2024	10:58	8,8	6,9	9,7																									
	23-4-2024	11:13	9,8	7,3	9,9																									
	23-4-2024	11:28	9	7,2	10,8																									
	23-4-2024	11:43	9,9	7,8	10,8																									
	23-4-2024	11:58	12,4	8,9	10,9																									
																														
																														
																														
																														
																														
																														
																														
																														
																														
																														
																														
																														
																														
																														
																														
																														
																														
																														
